-------------------------------------------------------------
----------------------- !PROPERTIES! ------------------------
-------------------------------------------------------------
# -----------------------------------------------------------
$ PAL_Flags
   description: The PAL Flags
   geom. index: 1
   prop. index: 1
        Diskflag:     2
# -----------------------------------------------------------
$ SCF_Energy
   description: The SCF energy
   geom. index: 1
   prop. index: 1
        SCF Energy:    -3847.7591211363
# -----------------------------------------------------------
$ DFT_Energy
   description: The DFT energy
   geom. index: 1
   prop. index: 1
   Number of Alpha Electrons                100.0000483008 
   Number of Beta  Electrons                100.0000483008 
   Total number of  Electrons               200.0000966016 
   Exchange energy                         -130.8876155026 
   Correlation energy                        -9.7325660153 
   Correlation energy NL                      0.0000000000 
   Exchange-Correlation energy             -140.6201815179 
   Embedding correction                       0.0000000000 
   Total DFT Energy (No VdW correction)   -3847.7591211363 
# -----------------------------------------------------------
$ Mayer_Pop
   description: The Mayer population analysis
   geom. index: 1
   prop. index: 1
     Number of atoms                     : 38
     Threshold for printing              : 0.1000000
     Number of bond orders printed       : 40
  NA   - Mulliken gross atomic population
  ZA   - Total nuclear charge
  QA   - Mulliken gross atomic charge
  VA   - Mayer's total valence
  BVA  - Mayer's bonded valence
  FA   - Mayer's free valence
  ATOM       NA         ZA         QA         VA         BVA        FA
  0   0     6.4297     6.0000    -0.4297     3.5414     3.5414    -0.0000
  1   0     5.8119     6.0000     0.1881     3.6959     3.6959     0.0000
  2   0     6.1725     6.0000    -0.1725     3.7792     3.7792     0.0000
  3   0     6.2234     6.0000    -0.2234     3.8071     3.8071    -0.0000
  4   0     6.2199     6.0000    -0.2199     3.8441     3.8441    -0.0000
  5   0     6.2574     6.0000    -0.2574     3.8455     3.8455     0.0000
  6   0     0.7392     1.0000     0.2608     0.9012     0.9012     0.0000
  7   0     0.7422     1.0000     0.2578     0.9072     0.9072     0.0000
  8   0     0.8241     1.0000     0.1759     0.9273     0.9273     0.0000
  9   0     0.8174     1.0000     0.1826     0.9218     0.9218     0.0000
 10   0     0.8174     1.0000     0.1826     0.9206     0.9206     0.0000
 11   0     6.4891     6.0000    -0.4891     3.7273     3.7273    -0.0000
 12   0     6.5206     6.0000    -0.5206     3.7049     3.7049    -0.0000
 13   0     0.7456     1.0000     0.2544     0.8971     0.8971     0.0000
 14   0     0.8043     1.0000     0.1957     0.9140     0.9140     0.0000
 15   0     5.8649     6.0000     0.1351     3.6850     3.6850    -0.0000
 16   0     0.7181     1.0000     0.2819     0.8876     0.8876     0.0000
 17   0     0.8009     1.0000     0.1991     0.9143     0.9143    -0.0000
 18   0     6.1286     6.0000    -0.1286     3.7613     3.7613    -0.0000
 19   0     6.2670     6.0000    -0.2670     3.8341     3.8341     0.0000
 20   0     6.2267     6.0000    -0.2267     3.8288     3.8288    -0.0000
 21   0     6.2842     6.0000    -0.2842     3.8230     3.8230    -0.0000
 22   0     6.2298     6.0000    -0.2298     3.8361     3.8361    -0.0000
 23   0     0.7989     1.0000     0.2011     0.9179     0.9179    -0.0000
 24   0     0.8229     1.0000     0.1771     0.9233     0.9233     0.0000
 25   0     0.8260     1.0000     0.1740     0.9284     0.9284    -0.0000
 26   0     0.8239     1.0000     0.1761     0.9236     0.9236     0.0000
 27   0    17.7699    18.0000     0.2301     2.6674     2.6674     0.0000
 28   0    35.4717    35.0000    -0.4717     0.7989     0.7989     0.0000
 29   0    15.0771    15.0000    -0.0771     3.6794     3.6794     0.0000
 30   0     0.9294     1.0000     0.0706     0.9593     0.9593     0.0000
 31   0     5.2879     6.0000     0.7121     4.2489     4.2489    -0.0000
 32   0     8.5621     8.0000    -0.5621     2.0339     2.0339     0.0000
 33   0     8.5267     8.0000    -0.5267     2.0919     2.0919     0.0000
 34   0     8.6118     8.0000    -0.6118     1.9561     1.9561     0.0000
 35   0     0.8932     1.0000     0.1068     0.9622     0.9622    -0.0000
 36   0     0.8758     1.0000     0.1242     0.9593     0.9593    -0.0000
 37   0     0.5877     1.0000     0.4123     0.8186     0.8186    -0.0000
      Bond orders larger than 0.1000000
           Atom A     A.N. of A          Atom B    A.N. of B              Bond order
                0             6               1            6                1.248705
                0             6               2            6                1.329924
                0             6               6            1                0.295658
                0             6              27           46                0.473164
                1             6               5            6                1.436144
                1             6              11            6                0.984094
                2             6               3            6                1.426619
                2             6               7            1                0.890347
                3             6               4            6                1.419701
                3             6               9            1                0.927568
                4             6               5            6                1.421805
                4             6              10            1                0.928101
                5             6               8            1                0.926156
                6             1              28           35                0.577561
               11             6              12            6                0.976524
               11             6              13            1                0.882497
               11             6              14            1                0.923128
               12             6              15            6                0.954061
               12             6              16            1                0.875974
               12             6              17            1                0.928013
               15             6              18            6                1.351971
               15             6              21            6                1.399736
               18             6              19            6                1.385337
               18             6              27           46                0.828946
               19             6              20            6                1.422908
               19             6              23            1                0.918446
               20             6              22            6                1.429208
               20             6              24            1                0.928435
               21             6              22            6                1.424585
               21             6              25            1                0.929465
               22             6              26            1                0.929957
               27            46              29           15                0.642485
               27            46              33            8                0.431236
               29            15              30            1                0.918446
               29            15              35            1                0.933857
               29            15              36            1                0.939498
               31             6              32            8                1.724770
               31             6              33            8                1.427396
               31             6              34            8                1.080663
               34             8              37            1                0.785406
# -----------------------------------------------------------
$ VdW_Correction
   description: The Van der Waals Correction
   geom. index: 1
   prop. index: 1
        Van der Waals Correction:       -0.0333690978
# -----------------------------------------------------------
$ SCF_Electric_Properties
   description: The SCF Calculated Electric Properties
   geom. index: 1
   prop. index: 1
       Filename                          : reaction-3-cineb5_optts_Compound_2.scfp 
       Do Dipole Moment Calculation      : true 
       Do Quadrupole Moment Calculation  : false 
       Do Polarizability Calculation     : false 
** Dipole moment part of electric properties **
        Magnitude of dipole moment (Debye) :        4.9625331797
        Electronic Contribution:
                  0    
      0       5.900226
      1     -36.184547
      2     -46.775199
        Nuclear Contribution:
                  0    
      0      -4.286493
      1      37.256126
      2      46.531607
        Total Dipole moment:
                  0    
      0       1.613733
      1       1.071579
      2      -0.243592
# -------------------------------------------------------------
----------------------- !GEOMETRIES! ------------------------
# -------------------------------------------------------------
------------------------ !GEOMETRY! -------------------------
    Number of atoms:    38 
    Geometry Index:     1 
    Coordinates:
               0 C     -1.508140288083    0.147877633200    0.028075431062
               1 C     -1.364103701600    0.876323418681    1.229383892315
               2 C     -2.407302813828    0.654557577396   -0.926622441126
               3 C     -3.084019964606    1.851303566584   -0.747337796164
               4 C     -2.885755703969    2.575256952226    0.417652080892
               5 C     -2.042140790053    2.078349593052    1.399967480628
               6 H     -1.866541699663   -1.246988131966    0.479614723425
               7 H     -2.593881553684    0.080916731177   -1.826683184797
               8 H     -1.916673113704    2.634251913313    2.323496704028
               9 H     -3.760568103959    2.215965050162   -1.511212686433
              10 H     -3.398572282450    3.517395411934    0.572309720599
              11 C     -0.612239364998    0.326443535345    2.415577276853
              12 C      0.682774824450   -0.436513687531    2.127090942701
              13 H     -1.293816901203   -0.345920299144    2.949269252314
              14 H     -0.390067759421    1.150227161848    3.101208400274
              15 C      1.576003895809    0.379615379160    1.241176772296
              16 H      0.450386831857   -1.403838891614    1.680615020254
              17 H      1.172491061704   -0.648356580314    3.082472624551
              18 C      1.368638624145    0.380455899508   -0.143436175298
              19 C      2.119654421967    1.276321897711   -0.908898853533
              20 C      3.057112178973    2.128196287591   -0.338114519638
              21 C      2.527510477703    1.223767213488    1.808009672920
              22 C      3.275831961254    2.094335628580    1.029821985199
              23 H      1.975425579846    1.318214127137   -1.983854745066
              24 H      3.618888606548    2.810554572367   -0.965698891174
              25 H      2.678612998806    1.201867751267    2.883067639961
              26 H      4.014584745606    2.741436677278    1.487182055603
              27 Pd     0.078848371378   -0.848622327664   -1.022892972246
              28 Br    -2.481610782563   -2.577299962082    1.214973633025
              29 P      1.875678898141   -1.894450522798   -1.993596193526
              30 H      3.052507878748   -1.122080697479   -2.123760357532
              31 C     -1.045672391184   -3.222792887805   -2.317938900841
              32 O      0.001165584119   -3.843068268789   -2.121565657750
              33 O     -1.289310922272   -2.007357721748   -2.104086442645
              34 O     -2.095640310734   -3.884754203209   -2.868900399442
              35 H      1.859743062360   -2.407126319676   -3.299039154658
              36 H      2.450496077655   -2.980039023769   -1.320928283571
              37 H     -1.814677633095   -4.800284453417   -2.952607653460
