-------------------------------------------------------------
----------------------- !PROPERTIES! ------------------------
-------------------------------------------------------------
# -----------------------------------------------------------
$ PAL_Flags
   description: The PAL Flags
   geom. index: 1
   prop. index: 1
        Diskflag:     2
# -----------------------------------------------------------
$ SCF_Energy
   description: The SCF energy
   geom. index: 1
   prop. index: 1
        SCF Energy:    -1288.4489845374
# -----------------------------------------------------------
$ DFT_Energy
   description: The DFT energy
   geom. index: 1
   prop. index: 1
   Number of Alpha Electrons                 82.0000815738 
   Number of Beta  Electrons                 82.0000815738 
   Total number of  Electrons               164.0001631476 
   Exchange energy                          -79.5911489982 
   Correlation energy                        -7.4499865094 
   Correlation energy NL                      0.0000000000 
   Exchange-Correlation energy              -87.0411355077 
   Embedding correction                       0.0000000000 
   Total DFT Energy (No VdW correction)   -1288.4489845374 
# -----------------------------------------------------------
$ Mayer_Pop
   description: The Mayer population analysis
   geom. index: 1
   prop. index: 1
     Number of atoms                     : 39
     Threshold for printing              : 0.1000000
     Number of bond orders printed       : 46
  NA   - Mulliken gross atomic population
  ZA   - Total nuclear charge
  QA   - Mulliken gross atomic charge
  VA   - Mayer's total valence
  BVA  - Mayer's bonded valence
  FA   - Mayer's free valence
  ATOM       NA         ZA         QA         VA         BVA        FA
  0   0    16.3872    17.0000     0.6128     3.7754     3.7754     0.0000
  1   0     6.2052     6.0000    -0.2052     3.6942     3.6942     0.0000
  2   0     6.2986     6.0000    -0.2986     3.7455     3.7455     0.0000
  3   0     6.2270     6.0000    -0.2270     3.7263     3.7263     0.0000
  4   0     6.2478     6.0000    -0.2478     3.7185     3.7185     0.0000
  5   0     6.1592     6.0000    -0.1592     3.6883     3.6883     0.0000
  6   0     7.4121     7.0000    -0.4121     3.2161     3.2161     0.0000
  7   0     6.1142     6.0000    -0.1142     3.6845     3.6845     0.0000
  8   0     6.6994     6.0000    -0.6994     3.6877     3.6877     0.0000
  9   0     0.7236     1.0000     0.2764     0.8952     0.8952     0.0000
 10   0     0.7738     1.0000     0.2262     0.9087     0.9087     0.0000
 11   0     0.7418     1.0000     0.2582     0.8981     0.8981     0.0000
 12   0     6.6433     6.0000    -0.6433     3.6719     3.6719     0.0000
 13   0     0.7089     1.0000     0.2911     0.8738     0.8738     0.0000
 14   0     0.7330     1.0000     0.2670     0.8957     0.8957     0.0000
 15   0     0.7696     1.0000     0.2304     0.9091     0.9091     0.0000
 16   0     0.7648     1.0000     0.2352     0.9043     0.9043     0.0000
 17   0     5.9376     6.0000     0.0624     3.6219     3.6219     0.0000
 18   0     6.2273     6.0000    -0.2273     3.7136     3.7136     0.0000
 19   0     0.7018     1.0000     0.2982     0.8831     0.8831     0.0000
 20   0     6.3827     6.0000    -0.3827     3.5284     3.5284     0.0000
 21   0     6.1320     6.0000    -0.1320     3.7286     3.7286     0.0000
 22   0    15.6991    16.0000     0.3009     2.5662     2.5662     0.0000
 23   0     6.4315     6.0000    -0.4315     3.7395     3.7395     0.0000
 24   0     0.5391     1.0000     0.4609     0.8050     0.8050     0.0000
 25   0     0.7205     1.0000     0.2795     0.8966     0.8966     0.0000
 26   0     0.6980     1.0000     0.3020     0.8955     0.8955     0.0000
 27   0     0.7065     1.0000     0.2935     0.9006     0.9006     0.0000
 28   0     0.7040     1.0000     0.2960     0.9036     0.9036     0.0000
 29   0     0.6912     1.0000     0.3088     0.8910     0.8910     0.0000
 30   0     8.4509     8.0000    -0.4509     2.1593     2.1593     0.0000
 31   0     8.5650     8.0000    -0.5650     2.0343     2.0343     0.0000
 32   0     5.4121     6.0000     0.5879     3.9844     3.9844     0.0000
 33   0     6.7431     6.0000    -0.7431     3.6790     3.6790     0.0000
 34   0     0.7583     1.0000     0.2417     0.9053     0.9053     0.0000
 35   0     0.7342     1.0000     0.2658     0.8970     0.8970     0.0000
 36   0     0.7456     1.0000     0.2544     0.9001     0.9001     0.0000
 37   0     0.7032     1.0000     0.2968     0.8999     0.8999     0.0000
 38   0     0.7067     1.0000     0.2933     0.9049     0.9049     0.0000
      Bond orders larger than 0.1000000
           Atom A     A.N. of A          Atom B    A.N. of B              Bond order
                0            77               1            6                0.409457
                0            77               2            6                0.558458
                0            77               3            6                0.471057
                0            77               4            6                0.442873
                0            77               5            6                0.405656
                0            77               6            7                0.451813
                0            77              20            6                0.194914
                0            77              31            8                0.625544
                1             6               2            6                1.113238
                1             6               4            6                1.261415
                1             6              27            1                0.902731
                2             6               5            6                1.126857
                2             6              28            1                0.905933
                3             6               4            6                1.097279
                3             6               5            6                1.234504
                3             6              37            1                0.901799
                4             6              38            1                0.897100
                5             6              29            1                0.897281
                6             7               7            6                0.888538
                6             7              17            6                1.722789
                7             6               8            6                0.992833
                7             6              12            6                0.968808
                7             6              13            1                0.862807
                8             6               9            1                0.902372
                8             6              10            1                0.911705
                8             6              11            1                0.908391
               12             6              14            1                0.905818
               12             6              15            1                0.914927
               12             6              16            1                0.909298
               17             6              18            6                1.018127
               17             6              19            1                0.871534
               18             6              20            6                1.319362
               18             6              22           16                1.230964
               20             6              21            6                1.246645
               20             6              24            1                0.651815
               21             6              23            6                1.553890
               21             6              25            1                0.898526
               22            16              23            6                1.198261
               23             6              26            1                0.890584
               24             1              30            8                0.134065
               30             8              32            6                1.852455
               31             8              32            6                1.184314
               32             6              33            6                0.940160
               33             6              34            1                0.912297
               33             6              35            1                0.908157
               33             6              36            1                0.905820
# -----------------------------------------------------------
$ VdW_Correction
   description: The Van der Waals Correction
   geom. index: 1
   prop. index: 1
        Van der Waals Correction:       -0.0308372070
# -----------------------------------------------------------
$ SCF_Electric_Properties
   description: The SCF Calculated Electric Properties
   geom. index: 1
   prop. index: 1
       Filename                          : reaction-4-ieip_optts_Compound_2.scfp 
       Do Dipole Moment Calculation      : true 
       Do Quadrupole Moment Calculation  : false 
       Do Polarizability Calculation     : false 
** Dipole moment part of electric properties **
        Magnitude of dipole moment (Debye) :        4.9651813256
        Electronic Contribution:
                  0    
      0      32.989707
      1     -61.557801
      2      65.501915
        Nuclear Contribution:
                  0    
      0     -33.858207
      1      59.950103
      2     -66.192450
        Total Dipole moment:
                  0    
      0      -0.868500
      1      -1.607698
      2      -0.690535
# -------------------------------------------------------------
----------------------- !GEOMETRIES! ------------------------
# -------------------------------------------------------------
------------------------ !GEOMETRY! -------------------------
    Number of atoms:    39 
    Geometry Index:     1 
    Coordinates:
               0 Ir     0.576665805456   -0.669062012339    0.395658147245
               1 C      0.023745442973   -2.758557884292    0.322577959985
               2 C      0.117908840312   -2.271318870668    1.679406007684
               3 C      2.192027791401   -2.078574456732    0.704354048953
               4 C      1.281831917788   -2.613536445289   -0.283928752094
               5 C      1.489386317182   -1.912098975499    1.909283526250
               6 N     -1.049843838015    0.245447990471   -0.579833411090
               7 C     -2.315957505588    0.603992987535    0.076347127880
               8 C     -3.150181035973    1.599999308313   -0.711196378998
               9 H     -3.989207570826    1.918621812509   -0.094387790836
              10 H     -3.576867685455    1.170730167572   -1.619413508340
              11 H     -2.587058451455    2.496230693189   -0.973712209623
              12 C     -3.102243278685   -0.665001827759    0.382618983139
              13 H     -2.013586921766    1.064882569061    1.017818656015
              14 H     -4.013509891619   -0.406153401791    0.919450625186
              15 H     -3.391908576715   -1.184386965985   -0.531945433764
              16 H     -2.542878388534   -1.353642738861    1.014082024240
              17 C     -0.819805966272    0.458381566855   -1.813774727857
              18 C      0.527403104039    0.149723998542   -2.259609149653
              19 H     -1.566327151436    0.858652676113   -2.493613226113
              20 C      1.671286907512    0.497422708056   -1.551290873952
              21 C      2.836399423636   -0.045599390351   -2.167335508721
              22 S      0.877769276346   -0.798402387926   -3.635904613001
              23 C      2.559339858251   -0.759470755854   -3.288117131034
              24 H      1.722492334030    1.321044291873   -0.818919694516
              25 H      3.838736001015    0.141558272075   -1.811193480828
              26 H      3.254761300408   -1.250274510910   -3.951880088392
              27 H     -0.871436111462   -3.130860228568   -0.154550164776
              28 H     -0.664907860016   -2.283467055153    2.423842105354
              29 H      1.886817381143   -1.499943452457    2.825511255364
              30 O      1.749175024186    2.422350788588    0.652618963062
              31 O      0.408957144577    0.924286607130    1.632894415104
              32 C      1.023406299143    2.075331347318    1.562002683259
              33 C      0.757899551426    2.951748766594    2.760621825987
              34 H     -0.301635411297    2.973811605605    3.011739900194
              35 H      1.110680519809    3.963099034804    2.579827581815
              36 H      1.282091226651    2.554842814353    3.631261828952
              37 H      3.234920648453   -1.848632681397    0.543523817497
              38 H      1.533023529378   -2.863985964724   -1.304095339579
