-------------------------------------------------------------
----------------------- !PROPERTIES! ------------------------
-------------------------------------------------------------
# -----------------------------------------------------------
$ PAL_Flags
   description: The PAL Flags
   geom. index: 1
   prop. index: 1
        Diskflag:     2
# -----------------------------------------------------------
$ SCF_Energy
   description: The SCF energy
   geom. index: 1
   prop. index: 1
        SCF Energy:    -1288.4490111446
# -----------------------------------------------------------
$ DFT_Energy
   description: The DFT energy
   geom. index: 1
   prop. index: 1
   Number of Alpha Electrons                 82.0002547577 
   Number of Beta  Electrons                 82.0002547577 
   Total number of  Electrons               164.0005095153 
   Exchange energy                          -79.5890203912 
   Correlation energy                        -7.4468813672 
   Correlation energy NL                      0.0000000000 
   Exchange-Correlation energy              -87.0359017584 
   Embedding correction                       0.0000000000 
   Total DFT Energy (No VdW correction)   -1288.4490111446 
# -----------------------------------------------------------
$ Mayer_Pop
   description: The Mayer population analysis
   geom. index: 1
   prop. index: 1
     Number of atoms                     : 39
     Threshold for printing              : 0.1000000
     Number of bond orders printed       : 45
  NA   - Mulliken gross atomic population
  ZA   - Total nuclear charge
  QA   - Mulliken gross atomic charge
  VA   - Mayer's total valence
  BVA  - Mayer's bonded valence
  FA   - Mayer's free valence
  ATOM       NA         ZA         QA         VA         BVA        FA
  0   0    16.3557    17.0000     0.6443     3.7721     3.7721     0.0000
  1   0     6.2971     6.0000    -0.2971     3.7436     3.7436     0.0000
  2   0     6.1636     6.0000    -0.1636     3.6796     3.6796     0.0000
  3   0     6.2444     6.0000    -0.2444     3.7139     3.7139     0.0000
  4   0     6.2086     6.0000    -0.2086     3.6910     3.6910     0.0000
  5   0     6.2287     6.0000    -0.2287     3.7237     3.7237     0.0000
  6   0     7.4067     7.0000    -0.4067     3.2253     3.2253     0.0000
  7   0     6.1221     6.0000    -0.1221     3.7086     3.7086     0.0000
  8   0     6.6970     6.0000    -0.6970     3.6811     3.6811     0.0000
  9   0     0.7298     1.0000     0.2702     0.8974     0.8974     0.0000
 10   0     0.7781     1.0000     0.2219     0.9107     0.9107     0.0000
 11   0     0.7228     1.0000     0.2772     0.8936     0.8936    -0.0000
 12   0     6.6372     6.0000    -0.6372     3.6714     3.6714     0.0000
 13   0     0.7230     1.0000     0.2770     0.8750     0.8750     0.0000
 14   0     0.7334     1.0000     0.2666     0.8959     0.8959     0.0000
 15   0     0.7686     1.0000     0.2314     0.9093     0.9093     0.0000
 16   0     0.7698     1.0000     0.2302     0.9058     0.9058     0.0000
 17   0     5.9229     6.0000     0.0771     3.6358     3.6358     0.0000
 18   0     6.2683     6.0000    -0.2683     3.7460     3.7460     0.0000
 19   0     0.7044     1.0000     0.2956     0.8857     0.8857     0.0000
 20   0     6.2588     6.0000    -0.2588     3.6629     3.6629     0.0000
 21   0     6.1462     6.0000    -0.1462     3.7204     3.7204     0.0000
 22   0    15.7160    16.0000     0.2840     2.5511     2.5511     0.0000
 23   0     6.4263     6.0000    -0.4263     3.7432     3.7432     0.0000
 24   0     0.6320     1.0000     0.3680     0.8660     0.8660     0.0000
 25   0     0.7250     1.0000     0.2750     0.8975     0.8975     0.0000
 26   0     0.6999     1.0000     0.3001     0.8962     0.8962     0.0000
 27   0     0.7008     1.0000     0.2992     0.9005     0.9005     0.0000
 28   0     0.6864     1.0000     0.3136     0.8881     0.8881     0.0000
 29   0     0.7004     1.0000     0.2996     0.8975     0.8975     0.0000
 30   0     8.4477     8.0000    -0.4477     2.1451     2.1451     0.0000
 31   0     8.5607     8.0000    -0.5607     2.0429     2.0429     0.0000
 32   0     5.4352     6.0000     0.5648     3.9953     3.9953     0.0000
 33   0     6.7429     6.0000    -0.7429     3.6726     3.6726    -0.0000
 34   0     0.7363     1.0000     0.2637     0.8975     0.8975     0.0000
 35   0     0.7418     1.0000     0.2582     0.8990     0.8990     0.0000
 36   0     0.7519     1.0000     0.2481     0.9028     0.9028     0.0000
 37   0     0.7033     1.0000     0.2967     0.9036     0.9036     0.0000
 38   0     0.7063     1.0000     0.2937     0.9012     0.9012     0.0000
      Bond orders larger than 0.1000000
           Atom A     A.N. of A          Atom B    A.N. of B              Bond order
                0            77               1            6                0.609241
                0            77               2            6                0.401178
                0            77               3            6                0.449548
                0            77               4            6                0.416427
                0            77               5            6                0.472509
                0            77               6            7                0.465814
                0            77              20            6                0.112759
                0            77              31            8                0.668364
                1             6               2            6                1.118014
                1             6               4            6                1.101183
                1             6              27            1                0.903007
                2             6               5            6                1.244170
                2             6              28            1                0.894413
                3             6               4            6                1.255831
                3             6               5            6                1.096686
                3             6              37            1                0.892675
                4             6              38            1                0.903634
                5             6              29            1                0.900391
                6             7               7            6                0.886789
                6             7              17            6                1.732963
                7             6               8            6                0.995098
                7             6              12            6                0.968351
                7             6              13            1                0.873792
                8             6               9            1                0.903404
                8             6              10            1                0.912896
                8             6              11            1                0.899139
               12             6              14            1                0.905932
               12             6              15            1                0.915105
               12             6              16            1                0.911617
               17             6              18            6                1.014266
               17             6              19            1                0.873512
               18             6              20            6                1.404077
               18             6              22           16                1.209971
               20             6              21            6                1.249570
               20             6              24            1                0.798375
               21             6              23            6                1.543448
               21             6              25            1                0.900472
               22            16              23            6                1.207323
               23             6              26            1                0.891799
               30             8              32            6                1.892041
               31             8              32            6                1.160960
               32             6              33            6                0.944372
               33             6              34            1                0.909257
               33             6              35            1                0.904211
               33             6              36            1                0.908334
# -----------------------------------------------------------
$ VdW_Correction
   description: The Van der Waals Correction
   geom. index: 1
   prop. index: 1
        Van der Waals Correction:       -0.0312203175
# -----------------------------------------------------------
$ SCF_Electric_Properties
   description: The SCF Calculated Electric Properties
   geom. index: 1
   prop. index: 1
       Filename                          : reaction-4-dhsgs_optts_Compound_2.scfp 
       Do Dipole Moment Calculation      : true 
       Do Quadrupole Moment Calculation  : false 
       Do Polarizability Calculation     : false 
** Dipole moment part of electric properties **
        Magnitude of dipole moment (Debye) :        4.2565218937
        Electronic Contribution:
                  0    
      0      34.503821
      1     -67.853610
      2      79.463975
        Nuclear Contribution:
                  0    
      0     -34.731536
      1      66.268242
      2     -79.952928
        Total Dipole moment:
                  0    
      0      -0.227715
      1      -1.585368
      2      -0.488953
# -------------------------------------------------------------
----------------------- !GEOMETRIES! ------------------------
# -------------------------------------------------------------
------------------------ !GEOMETRY! -------------------------
    Number of atoms:    39 
    Geometry Index:     1 
    Coordinates:
               0 Ir     0.549874734775   -0.731468422987    0.553779743179
               1 C      0.021273454831   -2.460389910787    1.594752069378
               2 C      1.359739816352   -2.120127655074    1.996321002235
               3 C      1.360929143087   -2.569052263379   -0.273607473329
               4 C      0.057776171014   -2.801848552686    0.190715923951
               5 C      2.166424312294   -2.137100049500    0.848473964597
               6 N     -0.961664349142    0.228627338269   -0.540973977372
               7 C     -2.280260502647    0.561547523121    0.023489146720
               8 C     -2.997303332366    1.678484110678   -0.714750207864
               9 H     -3.876784742521    1.967400104418   -0.140991932840
              10 H     -3.357306174306    1.376134687618   -1.699603470236
              11 H     -2.368130334966    2.562498991806   -0.815963273965
              12 C     -3.121879707256   -0.706606395362    0.102840608848
              13 H     -2.075850587964    0.900391364543    1.040288583999
              14 H     -4.077259417160   -0.482072118201    0.574585673038
              15 H     -3.327622962931   -1.109107818914   -0.889852744444
              16 H     -2.641188094343   -1.480977446372    0.700086964565
              17 C     -0.649603267318    0.494134342872   -1.744312852135
              18 C      0.718299267447    0.218492913343   -2.155038387960
              19 H     -1.359619750908    0.927758634039   -2.442536990905
              20 C      1.854634340173    0.641344743754   -1.490868069911
              21 C      3.035154412193    0.136047686146   -2.098754408546
              22 S      1.097402828737   -0.749989210506   -3.517166707260
              23 C      2.776144021067   -0.628484709777   -3.192760499970
              24 H      1.833772046834    1.429335093405   -0.745106872474
              25 H      4.033319379815    0.372977345431   -1.761688150998
              26 H      3.486463986841   -1.111679654290   -3.846066364428
              27 H     -0.829992186028   -2.555377085974    2.253934405942
              28 H      1.661302896643   -1.806713190317    2.985448348373
              29 H      3.211974359414   -1.868693181685    0.804015654658
              30 O      0.391851884576    2.508010302747    0.458060771869
              31 O      0.521725554048    0.779815052339    1.864053588152
              32 C      0.420072052285    2.058203481837    1.584211724560
              33 C      0.353292082152    2.923082180943    2.815255854023
              34 H      0.214442258444    3.965015162052    2.541348054844
              35 H      1.273982324134    2.830494800570    3.392243735395
              36 H     -0.459998454639    2.609791336348    3.469645284584
              37 H      1.710542856510   -2.692772318467   -1.288187773406
              38 H     -0.781540319172   -3.135487212001   -0.402080944867
