-------------------------------------------------------------
----------------------- !PROPERTIES! ------------------------
-------------------------------------------------------------
# -----------------------------------------------------------
$ PAL_Flags
   description: The PAL Flags
   geom. index: 1
   prop. index: 1
        Diskflag:     2
# -----------------------------------------------------------
$ SCF_Energy
   description: The SCF energy
   geom. index: 1
   prop. index: 1
        SCF Energy:    -1288.4523101633
# -----------------------------------------------------------
$ DFT_Energy
   description: The DFT energy
   geom. index: 1
   prop. index: 1
   Number of Alpha Electrons                 82.0002440958 
   Number of Beta  Electrons                 82.0002440958 
   Total number of  Electrons               164.0004881917 
   Exchange energy                          -79.5901257300 
   Correlation energy                        -7.4502685406 
   Correlation energy NL                      0.0000000000 
   Exchange-Correlation energy              -87.0403942706 
   Embedding correction                       0.0000000000 
   Total DFT Energy (No VdW correction)   -1288.4523101633 
# -----------------------------------------------------------
$ Mayer_Pop
   description: The Mayer population analysis
   geom. index: 1
   prop. index: 1
     Number of atoms                     : 39
     Threshold for printing              : 0.1000000
     Number of bond orders printed       : 47
  NA   - Mulliken gross atomic population
  ZA   - Total nuclear charge
  QA   - Mulliken gross atomic charge
  VA   - Mayer's total valence
  BVA  - Mayer's bonded valence
  FA   - Mayer's free valence
  ATOM       NA         ZA         QA         VA         BVA        FA
  0   0    16.4236    17.0000     0.5764     3.8272     3.8272    -0.0000
  1   0     6.2100     6.0000    -0.2100     3.7026     3.7026     0.0000
  2   0     6.2826     6.0000    -0.2826     3.7344     3.7344    -0.0000
  3   0     6.2279     6.0000    -0.2279     3.7282     3.7282    -0.0000
  4   0     6.2339     6.0000    -0.2339     3.7083     3.7083     0.0000
  5   0     6.1579     6.0000    -0.1579     3.6853     3.6853     0.0000
  6   0     7.3853     7.0000    -0.3853     3.2068     3.2068    -0.0000
  7   0     6.1106     6.0000    -0.1106     3.7276     3.7276    -0.0000
  8   0     6.6362     6.0000    -0.6362     3.6642     3.6642     0.0000
  9   0     0.7515     1.0000     0.2485     0.8990     0.8990     0.0000
 10   0     0.7619     1.0000     0.2381     0.9079     0.9079     0.0000
 11   0     0.7236     1.0000     0.2764     0.8936     0.8936    -0.0000
 12   0     6.6986     6.0000    -0.6986     3.6852     3.6852     0.0000
 13   0     0.7469     1.0000     0.2531     0.8787     0.8787     0.0000
 14   0     0.7213     1.0000     0.2787     0.8951     0.8951    -0.0000
 15   0     0.7623     1.0000     0.2377     0.9053     0.9053     0.0000
 16   0     0.7589     1.0000     0.2411     0.9041     0.9041     0.0000
 17   0     5.9200     6.0000     0.0800     3.6058     3.6058     0.0000
 18   0     6.2698     6.0000    -0.2698     3.7076     3.7076     0.0000
 19   0     0.7019     1.0000     0.2981     0.8838     0.8838     0.0000
 20   0     6.2775     6.0000    -0.2775     3.7212     3.7212    -0.0000
 21   0     6.1001     6.0000    -0.1001     3.6950     3.6950     0.0000
 22   0    15.7106    16.0000     0.2894     2.5372     2.5372     0.0000
 23   0     6.4318     6.0000    -0.4318     3.7404     3.7404    -0.0000
 24   0     0.6605     1.0000     0.3395     0.8671     0.8671    -0.0000
 25   0     0.7101     1.0000     0.2899     0.8901     0.8901     0.0000
 26   0     0.6967     1.0000     0.3033     0.8945     0.8945    -0.0000
 27   0     0.7121     1.0000     0.2879     0.9033     0.9033    -0.0000
 28   0     0.7083     1.0000     0.2917     0.9043     0.9043    -0.0000
 29   0     0.6813     1.0000     0.3187     0.8924     0.8924     0.0000
 30   0     8.4311     8.0000    -0.4311     2.1566     2.1566    -0.0000
 31   0     8.5614     8.0000    -0.5614     2.0349     2.0349    -0.0000
 32   0     5.4495     6.0000     0.5505     3.9984     3.9984     0.0000
 33   0     6.7397     6.0000    -0.7397     3.6744     3.6744    -0.0000
 34   0     0.7345     1.0000     0.2655     0.8970     0.8970    -0.0000
 35   0     0.7473     1.0000     0.2527     0.9009     0.9009    -0.0000
 36   0     0.7553     1.0000     0.2447     0.9041     0.9041    -0.0000
 37   0     0.6940     1.0000     0.3060     0.8968     0.8968    -0.0000
 38   0     0.7134     1.0000     0.2866     0.9091     0.9091     0.0000
      Bond orders larger than 0.1000000
           Atom A     A.N. of A          Atom B    A.N. of B              Bond order
                0            77               1            6                0.422971
                0            77               2            6                0.556982
                0            77               3            6                0.458978
                0            77               4            6                0.446023
                0            77               5            6                0.405530
                0            77               6            7                0.426291
                0            77              18            6                0.126387
                0            77              20            6                0.176685
                0            77              30            8                0.101913
                0            77              31            8                0.632400
                1             6               2            6                1.107126
                1             6               4            6                1.248702
                1             6              27            1                0.906428
                2             6               5            6                1.131301
                2             6              28            1                0.908062
                3             6               4            6                1.099044
                3             6               5            6                1.236434
                3             6              37            1                0.900251
                4             6              38            1                0.898852
                5             6              29            1                0.886814
                6             7               7            6                0.892264
                6             7              17            6                1.760460
                7             6               8            6                0.979597
                7             6              12            6                0.992069
                7             6              13            1                0.882571
                8             6               9            1                0.903591
                8             6              10            1                0.912774
                8             6              11            1                0.894213
               12             6              14            1                0.901370
               12             6              15            1                0.908344
               12             6              16            1                0.913574
               17             6              18            6                0.966176
               17             6              19            1                0.871848
               18             6              20            6                1.325149
               18             6              22           16                1.209007
               20             6              21            6                1.222425
               20             6              24            1                0.855761
               21             6              23            6                1.566237
               21             6              25            1                0.893824
               22            16              23            6                1.190438
               23             6              26            1                0.889609
               30             8              32            6                1.905683
               31             8              32            6                1.162388
               32             6              33            6                0.939109
               33             6              34            1                0.908617
               33             6              35            1                0.906001
               33             6              36            1                0.911511
# -----------------------------------------------------------
$ VdW_Correction
   description: The Van der Waals Correction
   geom. index: 1
   prop. index: 1
        Van der Waals Correction:       -0.0309610727
# -----------------------------------------------------------
$ SCF_Electric_Properties
   description: The SCF Calculated Electric Properties
   geom. index: 1
   prop. index: 1
       Filename                          : reaction-4-cineb10_optts_Compound_2.scfp 
       Do Dipole Moment Calculation      : true 
       Do Quadrupole Moment Calculation  : false 
       Do Polarizability Calculation     : false 
** Dipole moment part of electric properties **
        Magnitude of dipole moment (Debye) :        4.9830101045
        Electronic Contribution:
                  0    
      0      26.872397
      1     -50.006696
      2      56.045815
        Nuclear Contribution:
                  0    
      0     -28.109617
      1      48.826407
      2     -57.004711
        Total Dipole moment:
                  0    
      0      -1.237220
      1      -1.180288
      2      -0.958896
# -------------------------------------------------------------
----------------------- !GEOMETRIES! ------------------------
# -------------------------------------------------------------
------------------------ !GEOMETRY! -------------------------
    Number of atoms:    39 
    Geometry Index:     1 
    Coordinates:
               0 Ir     0.532408514450   -0.629596694737    0.342259591498
               1 C      0.281381931270   -2.737864705295    0.763378327996
               2 C      0.347873750708   -1.953291783591    1.974485046310
               3 C      2.341952480987   -1.700222245665    0.850738171508
               4 C      1.488415538385   -2.561746910684    0.067251309225
               5 C      1.657867734168   -1.373228192477    2.035870421675
               6 N     -1.325745598511   -0.188847580742   -0.576756912316
               7 C     -2.656602004187   -0.131147304632    0.044041228171
               8 C     -2.758867610278    1.072770611877    0.972652614106
               9 H     -3.737897378969    1.063811011400    1.449811946519
              10 H     -2.663536994344    2.004083285122    0.415407523401
              11 H     -2.001911540724    1.065449433145    1.751225406884
              12 C     -3.794197516343   -0.153806901087   -0.963008232285
              13 H     -2.708310650030   -1.039636911073    0.651046106622
              14 H     -4.736928661535   -0.208976116842   -0.421223239012
              15 H     -3.831311134782    0.755727982878   -1.564742123009
              16 H     -3.756890069318   -1.019261158221   -1.625965189627
              17 C     -1.120609377511   -0.065934058920   -1.822637241471
              18 C      0.291106493020   -0.174372719935   -2.202233805142
              19 H     -1.905630977157    0.071156113874   -2.561389629255
              20 C      1.334773892405    0.609244044573   -1.722339197920
              21 C      2.591621905525    0.189507306758   -2.252609596431
              22 S      0.844504003458   -1.358719724196   -3.315152370638
              23 C      2.474531414791   -0.850457352965   -3.112609639465
              24 H      1.185643319356    1.566800083515   -1.245266192360
              25 H      3.525078493948    0.675949317720   -2.012966781401
              26 H      3.260894167732   -1.350100616829   -3.657800632081
              27 H     -0.560925697861   -3.330332613378    0.436281622207
              28 H     -0.405859714476   -1.902508097884    2.746590946392
              29 H      2.027083194668   -0.720083911233    2.812145686484
              30 O      2.557912767284    1.432838645516    1.350091553417
              31 O      0.367206486047    1.290008717281    0.961727690504
              32 C      1.443435258426    1.906298677079    1.397139671182
              33 C      1.148895994588    3.270355764423    1.967914983363
              34 H      2.067446248506    3.836978221086    2.091716631257
              35 H      0.676925451053    3.165334016515    2.946341774115
              36 H      0.456341993938    3.828582381454    1.340055128631
              37 H      3.330820376696   -1.362086580182    0.581270648125
              38 H      1.734683514617   -2.994703433647   -0.891383247180
