-------------------------------------------------------------
----------------------- !PROPERTIES! ------------------------
-------------------------------------------------------------
# -----------------------------------------------------------
$ PAL_Flags
   description: The PAL Flags
   geom. index: 1
   prop. index: 1
        Diskflag:     2
# -----------------------------------------------------------
$ SCF_Energy
   description: The SCF energy
   geom. index: 1
   prop. index: 1
        SCF Energy:    -3847.7198786104
# -----------------------------------------------------------
$ DFT_Energy
   description: The DFT energy
   geom. index: 1
   prop. index: 1
   Number of Alpha Electrons                100.0002420851 
   Number of Beta  Electrons                100.0002420851 
   Total number of  Electrons               200.0004841702 
   Exchange energy                         -130.8769875892 
   Correlation energy                        -9.7216841834 
   Correlation energy NL                      0.0000000000 
   Exchange-Correlation energy             -140.5986717726 
   Embedding correction                       0.0000000000 
   Total DFT Energy (No VdW correction)   -3847.7198786104 
# -----------------------------------------------------------
$ Mayer_Pop
   description: The Mayer population analysis
   geom. index: 1
   prop. index: 1
     Number of atoms                     : 38
     Threshold for printing              : 0.1000000
     Number of bond orders printed       : 42
  NA   - Mulliken gross atomic population
  ZA   - Total nuclear charge
  QA   - Mulliken gross atomic charge
  VA   - Mayer's total valence
  BVA  - Mayer's bonded valence
  FA   - Mayer's free valence
  ATOM       NA         ZA         QA         VA         BVA        FA
  0   0     6.1935     6.0000    -0.1935     3.5202     3.5202     0.0000
  1   0     5.9051     6.0000     0.0949     3.7364     3.7364    -0.0000
  2   0     6.3340     6.0000    -0.3340     3.9082     3.9082    -0.0000
  3   0     6.2167     6.0000    -0.2167     3.8030     3.8030     0.0000
  4   0     6.2398     6.0000    -0.2398     3.8531     3.8531    -0.0000
  5   0     6.2749     6.0000    -0.2749     3.8491     3.8491    -0.0000
  6   0     0.5244     1.0000     0.4756     0.8017     0.8017    -0.0000
  7   0     0.8064     1.0000     0.1936     0.9150     0.9150    -0.0000
  8   0     0.8381     1.0000     0.1619     0.9304     0.9304    -0.0000
  9   0     0.8313     1.0000     0.1687     0.9247     0.9247     0.0000
 10   0     0.8313     1.0000     0.1687     0.9251     0.9251    -0.0000
 11   0     6.5349     6.0000    -0.5349     3.6417     3.6417    -0.0000
 12   0     6.5293     6.0000    -0.5293     3.6661     3.6661     0.0000
 13   0     0.7955     1.0000     0.2045     0.9161     0.9161    -0.0000
 14   0     0.7176     1.0000     0.2824     0.8823     0.8823     0.0000
 15   0     5.8501     6.0000     0.1499     3.6975     3.6975     0.0000
 16   0     0.7229     1.0000     0.2771     0.8855     0.8855    -0.0000
 17   0     0.7931     1.0000     0.2069     0.9115     0.9115    -0.0000
 18   0     6.2060     6.0000    -0.2060     3.8414     3.8414    -0.0000
 19   0     6.2697     6.0000    -0.2697     3.7631     3.7631     0.0000
 20   0     6.2394     6.0000    -0.2394     3.8279     3.8279    -0.0000
 21   0     6.2884     6.0000    -0.2884     3.8516     3.8516    -0.0000
 22   0     6.2223     6.0000    -0.2223     3.8124     3.8124     0.0000
 23   0     0.7163     1.0000     0.2837     0.9095     0.9095     0.0000
 24   0     0.7941     1.0000     0.2059     0.9172     0.9172    -0.0000
 25   0     0.8140     1.0000     0.1860     0.9258     0.9258    -0.0000
 26   0     0.8122     1.0000     0.1878     0.9207     0.9207     0.0000
 27   0    17.7516    18.0000     0.2484     2.7371     2.7371     0.0000
 28   0    35.7279    35.0000    -0.7279     0.5171     0.5171     0.0000
 29   0    15.0800    15.0000    -0.0800     3.9029     3.9029    -0.0000
 30   0     0.8668     1.0000     0.1332     0.9548     0.9548     0.0000
 31   0     5.3002     6.0000     0.6998     4.2844     4.2844    -0.0000
 32   0     8.4544     8.0000    -0.4544     2.1653     2.1653    -0.0000
 33   0     8.5789     8.0000    -0.5789     2.0039     2.0039    -0.0000
 34   0     8.5810     8.0000    -0.5810     1.9894     1.9894     0.0000
 35   0     0.9327     1.0000     0.0673     0.9547     0.9547     0.0000
 36   0     0.8631     1.0000     0.1369     0.9551     0.9551    -0.0000
 37   0     0.5620     1.0000     0.4380     0.7954     0.7954     0.0000
      Bond orders larger than 0.1000000
           Atom A     A.N. of A          Atom B    A.N. of B              Bond order
                0             6               1            6                1.331309
                0             6               2            6                1.448642
                0             6              27           46                0.633600
                1             6               5            6                1.429837
                1             6              11            6                0.941449
                2             6               3            6                1.402246
                2             6               7            1                0.924424
                3             6               4            6                1.440236
                3             6               9            1                0.929530
                4             6               5            6                1.421247
                4             6              10            1                0.930980
                5             6               8            1                0.925817
                6             1              28           35                0.173633
                6             1              33            8                0.608111
               11             6              12            6                0.906656
               11             6              13            1                0.935628
               11             6              14            1                0.886977
               12             6              15            6                0.953478
               12             6              16            1                0.890009
               12             6              17            1                0.928601
               15             6              18            6                1.333351
               15             6              21            6                1.433776
               18             6              19            6                1.411595
               18             6              27           46                0.799920
               18             6              29           15                0.201368
               19             6              20            6                1.399554
               19             6              23            1                0.863888
               20             6              22            6                1.439164
               20             6              24            1                0.922208
               21             6              22            6                1.406502
               21             6              25            1                0.922858
               22             6              26            1                0.927999
               27            46              28           35                0.131184
               27            46              29           15                0.815577
               28            35              29           15                0.113445
               29            15              30            1                0.920913
               29            15              35            1                0.897033
               29            15              36            1                0.905551
               31             6              32            8                1.992440
               31             6              33            8                1.181870
               31             6              34            8                1.096319
               34             8              37            1                0.768825
# -----------------------------------------------------------
$ VdW_Correction
   description: The Van der Waals Correction
   geom. index: 1
   prop. index: 1
        Van der Waals Correction:       -0.0328229712
# -----------------------------------------------------------
$ SCF_Electric_Properties
   description: The SCF Calculated Electric Properties
   geom. index: 1
   prop. index: 1
       Filename                          : reaction-3-cineb10_optts_Compound_2.scfp 
       Do Dipole Moment Calculation      : true 
       Do Quadrupole Moment Calculation  : false 
       Do Polarizability Calculation     : false 
** Dipole moment part of electric properties **
        Magnitude of dipole moment (Debye) :        7.5181300088
        Electronic Contribution:
                  0    
      0     -17.678780
      1     -58.431440
      2       8.033025
        Nuclear Contribution:
                  0    
      0      19.431084
      1      60.112529
      2      -6.344253
        Total Dipole moment:
                  0    
      0       1.752305
      1       1.681089
      2       1.688772
# -------------------------------------------------------------
----------------------- !GEOMETRIES! ------------------------
# -------------------------------------------------------------
------------------------ !GEOMETRY! -------------------------
    Number of atoms:    38 
    Geometry Index:     1 
    Coordinates:
               0 C     -2.136255908914   -0.284307140664    0.785545161727
               1 C     -1.922920499562    1.040677313988    1.226636777829
               2 C     -3.399763929484   -0.824467801707    1.039472014807
               3 C     -4.407220297715   -0.120721157969    1.693384279599
               4 C     -4.170428636116    1.173807671307    2.124249953635
               5 C     -2.927882170649    1.746983596755    1.884188180006
               6 H     -0.391187828957   -1.698542096883   -2.894877468296
               7 H     -3.616721353057   -1.834942040689    0.708105451941
               8 H     -2.742394559827    2.766001496281    2.212510408393
               9 H     -5.374179376340   -0.582590521700    1.862584033496
              10 H     -4.941415165379    1.736604366840    2.637581364348
              11 C     -0.614464321941    1.760621166249    0.941336567552
              12 C      0.678943392137    1.147483136615    1.554857369426
              13 H     -0.702387787052    2.791474600560    1.296517428742
              14 H     -0.487704215466    1.845593963211   -0.142712857534
              15 C      1.690318717297    0.651479188091    0.542035011613
              16 H      0.413055975980    0.345830319490    2.248109460227
              17 H      1.169489832493    1.912126906427    2.163958942162
              18 C      1.500006192556   -0.527155102539   -0.200798232141
              19 C      2.422208845711   -0.927025412230   -1.156758822576
              20 C      3.537876204154   -0.138239050475   -1.420405377488
              21 C      2.823828770305    1.410945716117    0.267968607832
              22 C      3.742003003264    1.027038258601   -0.702365700350
              23 H      2.257718834760   -1.839927996186   -1.719965963497
              24 H      4.236730393566   -0.441768594487   -2.189649870432
              25 H      2.985177980654    2.330147629244    0.821835301379
              26 H      4.611816980547    1.643388586797   -0.894536742335
              27 Pd    -0.343590038560   -1.172359264762    0.000973001543
              28 Br     0.058780079342   -3.873129773043   -2.177953890229
              29 P      0.765644435146   -2.876865897070    0.799064840861
              30 H     -0.003682586545   -4.024676520052    1.026203934577
              31 C      0.348171251116    0.001879176388   -3.377605187985
              32 O      1.175809506991   -0.354230498870   -4.173505824389
              33 O     -0.561769739944   -0.729634369288   -2.783028767297
              34 O      0.209874682895    1.270736537068   -2.971913873360
              35 H      1.259496233180   -2.690658766768    2.112276564598
              36 H      1.918542839267   -3.425986963381    0.225443695755
              37 H      0.929004264145    1.770199338734   -3.370889774138
