-------------------------------------------------------------
----------------------- !PROPERTIES! ------------------------
-------------------------------------------------------------
# -----------------------------------------------------------
$ PAL_Flags
   description: The PAL Flags
   geom. index: 1
   prop. index: 1
        Diskflag:     2
# -----------------------------------------------------------
$ SCF_Energy
   description: The SCF energy
   geom. index: 1
   prop. index: 1
        SCF Energy:     -988.5987304483
# -----------------------------------------------------------
$ DFT_Energy
   description: The DFT energy
   geom. index: 1
   prop. index: 1
   Number of Alpha Electrons                 77.0001462770 
   Number of Beta  Electrons                 77.0001462770 
   Total number of  Electrons               154.0002925539 
   Exchange energy                          -70.3118821147 
   Correlation energy                        -6.9326247191 
   Correlation energy NL                      0.0000000000 
   Exchange-Correlation energy              -77.2445068339 
   Embedding correction                       0.0000000000 
   Total DFT Energy (No VdW correction)    -988.5987304483 
# -----------------------------------------------------------
$ Mayer_Pop
   description: The Mayer population analysis
   geom. index: 1
   prop. index: 1
     Number of atoms                     : 38
     Threshold for printing              : 0.1000000
     Number of bond orders printed       : 42
  NA   - Mulliken gross atomic population
  ZA   - Total nuclear charge
  QA   - Mulliken gross atomic charge
  VA   - Mayer's total valence
  BVA  - Mayer's bonded valence
  FA   - Mayer's free valence
  ATOM       NA         ZA         QA         VA         BVA        FA
  0   0    17.4428    18.0000     0.5572     2.4486     2.4486    -0.0000
  1   0     8.5235     8.0000    -0.5235     2.1054     2.1054     0.0000
  2   0     5.4085     6.0000     0.5915     4.0107     4.0107    -0.0000
  3   0     8.4578     8.0000    -0.4578     2.1298     2.1298     0.0000
  4   0     6.7490     6.0000    -0.7490     3.6995     3.6995    -0.0000
  5   0     0.7675     1.0000     0.2325     0.9088     0.9088     0.0000
  6   0     0.7503     1.0000     0.2497     0.9009     0.9009     0.0000
  7   0     0.7714     1.0000     0.2286     0.9087     0.9087    -0.0000
  8   0     7.4784     7.0000    -0.4784     3.1694     3.1694    -0.0000
  9   0     6.5435     6.0000    -0.5435     3.5736     3.5736     0.0000
 10   0     0.6769     1.0000     0.3231     0.8943     0.8943     0.0000
 11   0     0.7785     1.0000     0.2215     0.9072     0.9072    -0.0000
 12   0     0.7544     1.0000     0.2456     0.9012     0.9012    -0.0000
 13   0     6.5490     6.0000    -0.5490     3.5663     3.5663    -0.0000
 14   0     0.7445     1.0000     0.2555     0.8974     0.8974    -0.0000
 15   0     0.7804     1.0000     0.2196     0.9069     0.9069    -0.0000
 16   0     0.6741     1.0000     0.3259     0.8941     0.8941    -0.0000
 17   0     6.1646     6.0000    -0.1646     3.7188     3.7188     0.0000
 18   0     6.1722     6.0000    -0.1722     3.7800     3.7800     0.0000
 19   0     6.2031     6.0000    -0.2031     3.8261     3.8261    -0.0000
 20   0     6.1964     6.0000    -0.1964     3.7985     3.7985    -0.0000
 21   0     6.2039     6.0000    -0.2039     3.8234     3.8234    -0.0000
 22   0     6.1866     6.0000    -0.1866     3.7709     3.7709     0.0000
 23   0     0.7626     1.0000     0.2374     0.9056     0.9056    -0.0000
 24   0     0.7428     1.0000     0.2572     0.8986     0.8986    -0.0000
 25   0     0.7656     1.0000     0.2344     0.9092     0.9092     0.0000
 26   0     0.7651     1.0000     0.2349     0.9074     0.9074     0.0000
 27   0     0.7329     1.0000     0.2671     0.8947     0.8947     0.0000
 28   0     6.2927     6.0000    -0.2927     3.5884     3.5884     0.0000
 29   0     0.7337     1.0000     0.2663     0.8944     0.8944    -0.0000
 30   0     0.7427     1.0000     0.2573     0.8983     0.8983    -0.0000
 31   0     8.5150     8.0000    -0.5150     2.1017     2.1017     0.0000
 32   0     5.4482     6.0000     0.5518     4.0993     4.0993    -0.0000
 33   0     8.4901     8.0000    -0.4901     2.1151     2.1151     0.0000
 34   0     6.7413     6.0000    -0.7413     3.6989     3.6989    -0.0000
 35   0     0.7694     1.0000     0.2306     0.9090     0.9090    -0.0000
 36   0     0.7625     1.0000     0.2375     0.9062     0.9062     0.0000
 37   0     0.7581     1.0000     0.2419     0.9044     0.9044     0.0000
      Bond orders larger than 0.1000000
           Atom A     A.N. of A          Atom B    A.N. of B              Bond order
                0            46               1            8                0.662872
                0            46               3            8                0.122575
                0            46               8            7                0.431826
                0            46              17            6                0.253997
                0            46              22            6                0.118681
                0            46              31            8                0.619076
                1             8               2            6                1.241636
                2             6               3            8                1.856661
                2             6               4            6                0.937663
                4             6               5            1                0.921172
                4             6               6            1                0.910120
                4             6               7            1                0.917200
                8             7               9            6                0.912668
                8             7              13            6                0.910991
                8             7              28            6                0.887358
                9             6              10            1                0.851120
                9             6              11            1                0.905143
                9             6              12            1                0.905939
               13             6              14            1                0.904443
               13             6              15            1                0.905269
               13             6              16            1                0.847326
               17             6              18            6                1.278561
               17             6              22            6                1.278295
               17             6              28            6                0.926454
               18             6              19            6                1.483273
               18             6              25            1                0.915331
               19             6              20            6                1.371143
               19             6              26            1                0.914987
               20             6              21            6                1.453387
               20             6              23            1                0.914789
               21             6              22            6                1.397427
               21             6              24            1                0.904380
               22             6              27            1                0.901695
               28             6              29            1                0.910118
               28             6              30            1                0.909661
               31             8              32            6                1.305861
               31             8              33            8                0.101417
               32             6              33            8                1.859296
               32             6              34            6                0.928213
               34             6              35            1                0.921212
               34             6              36            1                0.915063
               34             6              37            1                0.913213
# -----------------------------------------------------------
$ VdW_Correction
   description: The Van der Waals Correction
   geom. index: 1
   prop. index: 1
        Van der Waals Correction:       -0.0281583211
# -----------------------------------------------------------
$ SCF_Electric_Properties
   description: The SCF Calculated Electric Properties
   geom. index: 1
   prop. index: 1
       Filename                          : reaction-1-cineb10_optts_Compound_2.scfp 
       Do Dipole Moment Calculation      : true 
       Do Quadrupole Moment Calculation  : false 
       Do Polarizability Calculation     : false 
** Dipole moment part of electric properties **
        Magnitude of dipole moment (Debye) :        7.2008853691
        Electronic Contribution:
                  0    
      0       3.160264
      1      -7.264942
      2      -5.375888
        Nuclear Contribution:
                  0    
      0      -5.189987
      1       5.979376
      2       6.877011
        Total Dipole moment:
                  0    
      0      -2.029723
      1      -1.285567
      2       1.501123
# -------------------------------------------------------------
----------------------- !GEOMETRIES! ------------------------
# -------------------------------------------------------------
------------------------ !GEOMETRY! -------------------------
    Number of atoms:    38 
    Geometry Index:     1 
    Coordinates:
               0 Pd     0.142087956136   -0.073059723660   -0.138386061428
               1 O      1.453900243716    0.725621780773    1.074978090860
               2 C      1.460674618725    2.021139114579    1.044341330500
               3 O      0.635016507279    2.704042826807    0.465313190314
               4 C      2.621853488565    2.633677142009    1.797408724919
               5 H      2.409107089904    3.668512679459    2.055863877812
               6 H      3.505794674496    2.618888988228    1.157289362044
               7 H      2.867790874403    2.070992464882    2.696748681377
               8 N     -1.423748742169   -1.010140174876   -1.161595407998
               9 C     -1.099688469048   -2.386005546725   -1.568873099592
              10 H     -0.356756223600   -2.358004898009   -2.358923194821
              11 H     -1.999814785101   -2.895707787516   -1.928830766815
              12 H     -0.700500719549   -2.943526985657   -0.722745369380
              13 C     -1.944625007890   -0.246694399624   -2.307067446850
              14 H     -2.140035868273    0.781814283077   -2.007320253492
              15 H     -2.876442571566   -0.694428559678   -2.668019182937
              16 H     -1.203848411463   -0.247441091945   -3.099295395477
              17 C     -1.662722875705   -0.524497502913    1.206145299711
              18 C     -1.056295574161   -1.433185366150    2.097436076441
              19 C     -0.482724336692   -0.985628740004    3.266891364197
              20 C     -0.510576660430    0.371637073723    3.582668301543
              21 C     -1.099402935089    1.279431847338    2.726490519493
              22 C     -1.668797287698    0.839659465421    1.535279284577
              23 H     -0.061249919120    0.714728707219    4.504945054653
              24 H     -1.109095600413    2.333968000654    2.961384260373
              25 H     -1.061113685489   -2.491625502186    1.866176392230
              26 H     -0.011703797064   -1.689318533506    3.939111988429
              27 H     -2.162121838489    1.553404344851    0.886816973466
              28 C     -2.387774885257   -1.004210767019   -0.031057163172
              29 H     -3.216055384442   -0.334492658270   -0.263271285043
              30 H     -2.810508200483   -2.000269592575    0.115921309676
              31 O      1.658304242616   -0.003524611059   -1.430533762661
              32 C      1.761949441165   -0.330168159871   -2.669803204461
              33 O      0.898225297798   -0.815646919923   -3.382329373095
              34 C      3.149342096725   -0.037186407105   -3.216268264928
              35 H      3.247190417749   -0.395510033625   -4.238116485593
              36 H      3.914208952366   -0.502488283019   -2.594739882316
              37 H      3.337147877545    1.036983525894   -3.197974482553
