-------------------------------------------------------------
----------------------- !PROPERTIES! ------------------------
-------------------------------------------------------------
# -----------------------------------------------------------
$ PAL_Flags
   description: The PAL Flags
   geom. index: 1
   prop. index: 1
        Diskflag:     2
# -----------------------------------------------------------
$ SCF_Energy
   description: The SCF energy
   geom. index: 1
   prop. index: 1
        SCF Energy:     -988.5925373204
# -----------------------------------------------------------
$ DFT_Energy
   description: The DFT energy
   geom. index: 1
   prop. index: 1
   Number of Alpha Electrons                 77.0005066518 
   Number of Beta  Electrons                 77.0005066518 
   Total number of  Electrons               154.0010133037 
   Exchange energy                          -70.3000248687 
   Correlation energy                        -6.9392981016 
   Correlation energy NL                      0.0000000000 
   Exchange-Correlation energy              -77.2393229702 
   Embedding correction                       0.0000000000 
   Total DFT Energy (No VdW correction)    -988.5925373204 
# -----------------------------------------------------------
$ Mayer_Pop
   description: The Mayer population analysis
   geom. index: 1
   prop. index: 1
     Number of atoms                     : 38
     Threshold for printing              : 0.1000000
     Number of bond orders printed       : 43
  NA   - Mulliken gross atomic population
  ZA   - Total nuclear charge
  QA   - Mulliken gross atomic charge
  VA   - Mayer's total valence
  BVA  - Mayer's bonded valence
  FA   - Mayer's free valence
  ATOM       NA         ZA         QA         VA         BVA        FA
  0   0    17.4862    18.0000     0.5138     2.4679     2.4679     0.0000
  1   0     8.4820     8.0000    -0.4820     2.1586     2.1586     0.0000
  2   0     5.3959     6.0000     0.6041     3.9480     3.9480     0.0000
  3   0     8.5126     8.0000    -0.5126     2.0824     2.0824     0.0000
  4   0     6.7403     6.0000    -0.7403     3.6846     3.6846     0.0000
  5   0     0.7524     1.0000     0.2476     0.9028     0.9028     0.0000
  6   0     0.7421     1.0000     0.2579     0.8974     0.8974     0.0000
  7   0     0.7438     1.0000     0.2562     0.8992     0.8992     0.0000
  8   0     7.4927     7.0000    -0.4927     3.1868     3.1868     0.0000
  9   0     6.5304     6.0000    -0.5304     3.5723     3.5723    -0.0000
 10   0     0.6986     1.0000     0.3014     0.8939     0.8939     0.0000
 11   0     0.7880     1.0000     0.2120     0.9114     0.9114     0.0000
 12   0     0.7149     1.0000     0.2851     0.8863     0.8863     0.0000
 13   0     6.5103     6.0000    -0.5103     3.6208     3.6208     0.0000
 14   0     0.7351     1.0000     0.2649     0.8972     0.8972     0.0000
 15   0     0.7801     1.0000     0.2199     0.9071     0.9071     0.0000
 16   0     0.7185     1.0000     0.2815     0.8951     0.8951     0.0000
 17   0     5.8492     6.0000     0.1508     3.6855     3.6855     0.0000
 18   0     6.2744     6.0000    -0.2744     3.8332     3.8332     0.0000
 19   0     6.2088     6.0000    -0.2088     3.8195     3.8195     0.0000
 20   0     6.2211     6.0000    -0.2211     3.8055     3.8055     0.0000
 21   0     6.1436     6.0000    -0.1436     3.7706     3.7706     0.0000
 22   0     6.5496     6.0000    -0.5496     3.5812     3.5812     0.0000
 23   0     0.7713     1.0000     0.2287     0.9080     0.9080     0.0000
 24   0     0.7639     1.0000     0.2361     0.9144     0.9144     0.0000
 25   0     0.7823     1.0000     0.2177     0.9152     0.9152     0.0000
 26   0     0.7691     1.0000     0.2309     0.9067     0.9067    -0.0000
 27   0     0.5276     1.0000     0.4724     0.7428     0.7428     0.0000
 28   0     6.3540     6.0000    -0.3540     3.5982     3.5982     0.0000
 29   0     0.7161     1.0000     0.2839     0.8815     0.8815     0.0000
 30   0     0.7632     1.0000     0.2368     0.9085     0.9085     0.0000
 31   0     8.5405     8.0000    -0.5405     2.0789     2.0789     0.0000
 32   0     5.4448     6.0000     0.5552     4.0573     4.0573     0.0000
 33   0     8.4568     8.0000    -0.4568     2.1281     2.1281     0.0000
 34   0     6.7462     6.0000    -0.7462     3.6997     3.6997     0.0000
 35   0     0.7557     1.0000     0.2443     0.9029     0.9029     0.0000
 36   0     0.7735     1.0000     0.2265     0.9095     0.9095     0.0000
 37   0     0.7643     1.0000     0.2357     0.9078     0.9078     0.0000
      Bond orders larger than 0.1000000
           Atom A     A.N. of A          Atom B    A.N. of B              Bond order
                0            46               1            8                0.531592
                0            46               8            7                0.429247
                0            46              22            6                0.483045
                0            46              31            8                0.594143
                0            46              33            8                0.105495
                1             8               2            6                1.452244
                1             8               3            8                0.101356
                2             6               3            8                1.554496
                2             6               4            6                0.944629
                3             8              27            1                0.299399
                4             6               5            1                0.913113
                4             6               6            1                0.904178
                4             6               7            1                0.910362
                8             7               9            6                0.912198
                8             7              13            6                0.921443
                8             7              28            6                0.890787
                9             6              10            1                0.878117
                9             6              11            1                0.905115
                9             6              12            1                0.892293
               13             6              14            1                0.905634
               13             6              15            1                0.902693
               13             6              16            1                0.895207
               17             6              18            6                1.439749
               17             6              22            6                1.270331
               17             6              28            6                0.954890
               18             6              19            6                1.408614
               18             6              25            1                0.918468
               19             6              20            6                1.426553
               19             6              26            1                0.914813
               20             6              21            6                1.422315
               20             6              23            1                0.915348
               21             6              22            6                1.343021
               21             6              24            1                0.911141
               22             6              27            1                0.376525
               28             6              29            1                0.889292
               28             6              30            1                0.904433
               31             8              32            6                1.267137
               31             8              33            8                0.100407
               32             6              33            8                1.865912
               32             6              34            6                0.934680
               34             6              35            1                0.912717
               34             6              36            1                0.918024
               34             6              37            1                0.920782
# -----------------------------------------------------------
$ VdW_Correction
   description: The Van der Waals Correction
   geom. index: 1
   prop. index: 1
        Van der Waals Correction:       -0.0275914240
# -----------------------------------------------------------
$ SCF_Electric_Properties
   description: The SCF Calculated Electric Properties
   geom. index: 1
   prop. index: 1
       Filename                          : reaction-1-dhsgs_optts_Compound_2.scfp 
       Do Dipole Moment Calculation      : true 
       Do Quadrupole Moment Calculation  : false 
       Do Polarizability Calculation     : false 
** Dipole moment part of electric properties **
        Magnitude of dipole moment (Debye) :        4.9506484354
        Electronic Contribution:
                  0    
      0      16.444074
      1      18.480962
      2     -18.457730
        Nuclear Contribution:
                  0    
      0     -18.347798
      1     -18.739197
      2      18.778146
        Total Dipole moment:
                  0    
      0      -1.903724
      1      -0.258236
      2       0.320417
# -------------------------------------------------------------
----------------------- !GEOMETRIES! ------------------------
# -------------------------------------------------------------
------------------------ !GEOMETRY! -------------------------
    Number of atoms:    38 
    Geometry Index:     1 
    Coordinates:
               0 Pd     0.406208765932    0.421898246565   -0.256015424368
               1 O      1.815922271087    1.677253891706    0.448447156656
               2 C      1.366454769030    2.629801164584    1.144894039301
               3 O      0.187875883209    2.697971898134    1.568237266632
               4 C      2.319439179077    3.752314316500    1.454727544508
               5 H      2.047778333047    4.252105936982    2.380804439606
               6 H      2.268616557565    4.485899003671    0.648388359119
               7 H      3.344362091093    3.392968300454    1.507445924821
               8 N     -1.227781284777   -0.656904216563   -0.986852582496
               9 C     -0.980074743908   -2.109926801238   -0.948000330986
              10 H     -0.153307771437   -2.358861795047   -1.605489358315
              11 H     -1.878517555682   -2.651587527021   -1.264325437914
              12 H     -0.713874819154   -2.426165302999    0.057296822263
              13 C     -1.604977644863   -0.269122302597   -2.353052960353
              14 H     -1.742647921878    0.808381246323   -2.415501269955
              15 H     -2.538925542984   -0.764241976717   -2.638753977101
              16 H     -0.826742983058   -0.555017319285   -3.053078823964
              17 C     -1.819127014930   -0.470722166575    1.341749646696
              18 C     -2.384340655525   -1.363300149367    2.235896168615
              19 C     -1.752895462153   -1.623822712327    3.446398297488
              20 C     -0.540827068317   -1.020948717022    3.743247419122
              21 C      0.019795680115   -0.125679729993    2.844591251391
              22 C     -0.615451158935    0.188710748694    1.640546530910
              23 H     -0.036677951381   -1.245532256559    4.673745956155
              24 H      0.957988256318    0.355298900158    3.092587681934
              25 H     -3.302873403563   -1.879993503557    1.984436908539
              26 H     -2.198568043675   -2.318522454740    4.146326323901
              27 H     -0.362704982031    1.459801952994    1.416220332912
              28 C     -2.328161134234   -0.302088364127   -0.053517465228
              29 H     -2.608931361280    0.737479726897   -0.242729077048
              30 H     -3.205994408819   -0.925553605858   -0.261468371619
              31 O      1.313312593274    0.492007428265   -2.028504688897
              32 C      2.103621136733   -0.503038157851   -2.277337559045
              33 O      2.195187100154   -1.510224197908   -1.598379169968
              34 C      2.947526686630   -0.300194975312   -3.520675750918
              35 H      3.724241853101    0.437229966391   -3.312762998625
              36 H      2.355249356511    0.088594271543   -4.348480752927
              37 H      3.425692399710   -1.229998767198   -3.819152070843
