-------------------------------------------------------------
----------------------- !PROPERTIES! ------------------------
-------------------------------------------------------------
# -----------------------------------------------------------
$ PAL_Flags
   description: The PAL Flags
   geom. index: 1
   prop. index: 1
        Diskflag:     2
# -----------------------------------------------------------
$ SCF_Energy
   description: The SCF energy
   geom. index: 1
   prop. index: 1
        SCF Energy:     -988.5929379030
# -----------------------------------------------------------
$ DFT_Energy
   description: The DFT energy
   geom. index: 1
   prop. index: 1
   Number of Alpha Electrons                 77.0001257782 
   Number of Beta  Electrons                 77.0001257782 
   Total number of  Electrons               154.0002515565 
   Exchange energy                          -70.3008249907 
   Correlation energy                        -6.9394040204 
   Correlation energy NL                      0.0000000000 
   Exchange-Correlation energy              -77.2402290111 
   Embedding correction                       0.0000000000 
   Total DFT Energy (No VdW correction)    -988.5929379030 
# -----------------------------------------------------------
$ Mayer_Pop
   description: The Mayer population analysis
   geom. index: 1
   prop. index: 1
     Number of atoms                     : 38
     Threshold for printing              : 0.1000000
     Number of bond orders printed       : 41
  NA   - Mulliken gross atomic population
  ZA   - Total nuclear charge
  QA   - Mulliken gross atomic charge
  VA   - Mayer's total valence
  BVA  - Mayer's bonded valence
  FA   - Mayer's free valence
  ATOM       NA         ZA         QA         VA         BVA        FA
  0   0    17.4939    18.0000     0.5061     2.4743     2.4743     0.0000
  1   0     8.4894     8.0000    -0.4894     2.1502     2.1502     0.0000
  2   0     5.3798     6.0000     0.6202     3.9395     3.9395     0.0000
  3   0     8.5092     8.0000    -0.5092     2.0912     2.0912     0.0000
  4   0     6.7439     6.0000    -0.7439     3.6848     3.6848     0.0000
  5   0     0.7552     1.0000     0.2448     0.9040     0.9040     0.0000
  6   0     0.7309     1.0000     0.2691     0.8927     0.8927     0.0000
  7   0     0.7501     1.0000     0.2499     0.9014     0.9014     0.0000
  8   0     7.4925     7.0000    -0.4925     3.1830     3.1830     0.0000
  9   0     6.5290     6.0000    -0.5290     3.5959     3.5959     0.0000
 10   0     0.7144     1.0000     0.2856     0.8878     0.8878     0.0000
 11   0     0.7779     1.0000     0.2221     0.9096     0.9096     0.0000
 12   0     0.7168     1.0000     0.2832     0.8863     0.8863     0.0000
 13   0     6.5303     6.0000    -0.5303     3.5966     3.5966     0.0000
 14   0     0.7050     1.0000     0.2950     0.8906     0.8906     0.0000
 15   0     0.7802     1.0000     0.2198     0.9075     0.9075     0.0000
 16   0     0.7254     1.0000     0.2746     0.8995     0.8995     0.0000
 17   0     5.8511     6.0000     0.1489     3.6786     3.6786     0.0000
 18   0     6.2751     6.0000    -0.2751     3.8346     3.8346     0.0000
 19   0     6.2106     6.0000    -0.2106     3.8203     3.8203     0.0000
 20   0     6.2226     6.0000    -0.2226     3.8043     3.8043     0.0000
 21   0     6.1539     6.0000    -0.1539     3.7798     3.7798     0.0000
 22   0     6.5452     6.0000    -0.5452     3.5829     3.5829     0.0000
 23   0     0.7718     1.0000     0.2282     0.9081     0.9081     0.0000
 24   0     0.7624     1.0000     0.2376     0.9140     0.9140     0.0000
 25   0     0.7822     1.0000     0.2178     0.9150     0.9150     0.0000
 26   0     0.7691     1.0000     0.2309     0.9068     0.9068     0.0000
 27   0     0.5275     1.0000     0.4725     0.7432     0.7432     0.0000
 28   0     6.3553     6.0000    -0.3553     3.5944     3.5944     0.0000
 29   0     0.7056     1.0000     0.2944     0.8763     0.8763     0.0000
 30   0     0.7643     1.0000     0.2357     0.9084     0.9084     0.0000
 31   0     8.5486     8.0000    -0.5486     2.0744     2.0744     0.0000
 32   0     5.4334     6.0000     0.5666     4.0501     4.0501     0.0000
 33   0     8.4551     8.0000    -0.4551     2.1331     2.1331     0.0000
 34   0     6.7474     6.0000    -0.7474     3.6999     3.6999     0.0000
 35   0     0.7646     1.0000     0.2354     0.9078     0.9078     0.0000
 36   0     0.7739     1.0000     0.2261     0.9097     0.9097     0.0000
 37   0     0.7563     1.0000     0.2437     0.9031     0.9031     0.0000
      Bond orders larger than 0.1000000
           Atom A     A.N. of A          Atom B    A.N. of B              Bond order
                0            46               1            8                0.546427
                0            46               8            7                0.426555
                0            46              22            6                0.464197
                0            46              31            8                0.608106
                0            46              33            8                0.109268
                1             8               2            6                1.426110
                2             6               3            8                1.567230
                2             6               4            6                0.947413
                3             8              27            1                0.298913
                4             6               5            1                0.914252
                4             6               6            1                0.899175
                4             6               7            1                0.911930
                8             7               9            6                0.920450
                8             7              13            6                0.914905
                8             7              28            6                0.888179
                9             6              10            1                0.894488
                9             6              11            1                0.905042
                9             6              12            1                0.890638
               13             6              14            1                0.888329
               13             6              15            1                0.903556
               13             6              16            1                0.897455
               17             6              18            6                1.439428
               17             6              22            6                1.267019
               17             6              28            6                0.954465
               18             6              19            6                1.409284
               18             6              25            1                0.918334
               19             6              20            6                1.427930
               19             6              26            1                0.914829
               20             6              21            6                1.419761
               20             6              23            1                0.915447
               21             6              22            6                1.356039
               21             6              24            1                0.910395
               22             6              27            1                0.385962
               28             6              29            1                0.884420
               28             6              30            1                0.904928
               31             8              32            6                1.249904
               32             6              33            8                1.879382
               32             6              34            6                0.933456
               34             6              35            1                0.921085
               34             6              36            1                0.918275
               34             6              37            1                0.912413
# -----------------------------------------------------------
$ VdW_Correction
   description: The Van der Waals Correction
   geom. index: 1
   prop. index: 1
        Van der Waals Correction:       -0.0277722879
# -----------------------------------------------------------
$ SCF_Electric_Properties
   description: The SCF Calculated Electric Properties
   geom. index: 1
   prop. index: 1
       Filename                          : reaction-1-ieip_optts_Compound_2.scfp 
       Do Dipole Moment Calculation      : true 
       Do Quadrupole Moment Calculation  : false 
       Do Polarizability Calculation     : false 
** Dipole moment part of electric properties **
        Magnitude of dipole moment (Debye) :        5.9317918907
        Electronic Contribution:
                  0    
      0      25.496957
      1      -5.847699
      2      -9.816310
        Nuclear Contribution:
                  0    
      0     -26.878140
      1       4.157249
      2      10.641456
        Total Dipole moment:
                  0    
      0      -1.381182
      1      -1.690450
      2       0.825146
# -------------------------------------------------------------
----------------------- !GEOMETRIES! ------------------------
# -------------------------------------------------------------
------------------------ !GEOMETRY! -------------------------
    Number of atoms:    38 
    Geometry Index:     1 
    Coordinates:
               0 Pd     0.550521604018   -0.003303943152   -0.193599483094
               1 O      1.927195017965    1.329935041759    0.390887886160
               2 C      1.431750893996    2.427183905108    0.781866124287
               3 O      0.224514727035    2.589139396272    1.071326026461
               4 C      2.374741772033    3.593780475535    0.873113023801
               5 H      2.019225747451    4.334952769539    1.584114148130
               6 H      2.431131868138    4.063514553378   -0.110288037338
               7 H      3.377848971530    3.268093632534    1.138983364824
               8 N     -1.014941419906   -1.190059915172   -0.876707524142
               9 C     -0.773395353698   -2.604406268537   -0.552155226214
              10 H      0.135259787656   -2.935455521937   -1.049799885874
              11 H     -1.610020745251   -3.223968612495   -0.893574076371
              12 H     -0.652067650654   -2.739708419312    0.520101569429
              13 C     -1.243701055470   -1.057871908286   -2.323900359943
              14 H     -1.322803299722   -0.008593967487   -2.598002571770
              15 H     -2.163774996794   -1.580297041066   -2.605789908727
              16 H     -0.411420911515   -1.492172972246   -2.869445877645
              17 C     -1.841606054008   -0.556352066305    1.304844890228
              18 C     -2.527284091616   -1.246023243011    2.290019062588
              19 C     -2.057036749905   -1.237811893367    3.597859093609
              20 C     -0.881945393114   -0.572630082920    3.909543932436
              21 C     -0.196547095330    0.114049503757    2.917972748709
              22 C     -0.671165666208    0.160763727091    1.605204099625
              23 H     -0.504919442629   -0.583998528842    4.923584363944
              24 H      0.709076430222    0.649961512301    3.174269934042
              25 H     -3.419429780124   -1.808234066055    2.041144813812
              26 H     -2.600784989318   -1.768876508395    4.368235637240
              27 H     -0.350461578867    1.340623361477    1.145290603815
              28 C     -2.198009843121   -0.672968339935   -0.142780864073
              29 H     -2.440825525311    0.306716571986   -0.562268333520
              30 H     -3.058877952300   -1.330967180106   -0.311506724760
              31 O      1.696786587384   -0.448400026879   -1.760134259828
              32 C      1.761253639340    0.495564199025   -2.648147131538
              33 O      1.048234654796    1.481276234761   -2.672379921136
              34 C      2.847723936514    0.268020828621   -3.680979710294
              35 H      2.710911146313    0.923189067627   -4.537796933472
              36 H      2.876859896570   -0.768946075076   -4.013590667514
              37 H      3.818832913900    0.484711799809   -3.232333825888
