-------------------------------------------------------------
----------------------- !PROPERTIES! ------------------------
-------------------------------------------------------------
# -----------------------------------------------------------
$ PAL_Flags
   description: The PAL Flags
   geom. index: 1
   prop. index: 1
        Diskflag:     2
# -----------------------------------------------------------
$ SCF_Energy
   description: The SCF energy
   geom. index: 1
   prop. index: 1
        SCF Energy:    -3847.7607285229
# -----------------------------------------------------------
$ DFT_Energy
   description: The DFT energy
   geom. index: 1
   prop. index: 1
   Number of Alpha Electrons                100.0003012712 
   Number of Beta  Electrons                100.0003012712 
   Total number of  Electrons               200.0006025423 
   Exchange energy                         -130.9022858291 
   Correlation energy                        -9.7338933866 
   Correlation energy NL                      0.0000000000 
   Exchange-Correlation energy             -140.6361792156 
   Embedding correction                       0.0000000000 
   Total DFT Energy (No VdW correction)   -3847.7607285229 
# -----------------------------------------------------------
$ Mayer_Pop
   description: The Mayer population analysis
   geom. index: 1
   prop. index: 1
     Number of atoms                     : 38
     Threshold for printing              : 0.1000000
     Number of bond orders printed       : 41
  NA   - Mulliken gross atomic population
  ZA   - Total nuclear charge
  QA   - Mulliken gross atomic charge
  VA   - Mayer's total valence
  BVA  - Mayer's bonded valence
  FA   - Mayer's free valence
  ATOM       NA         ZA         QA         VA         BVA        FA
  0   0     6.6071     6.0000    -0.6071     3.4376     3.4376     0.0000
  1   0     5.8020     6.0000     0.1980     3.7231     3.7231     0.0000
  2   0     6.1021     6.0000    -0.1021     3.7643     3.7643     0.0000
  3   0     6.2127     6.0000    -0.2127     3.8266     3.8266     0.0000
  4   0     6.2059     6.0000    -0.2059     3.8367     3.8367     0.0000
  5   0     6.2811     6.0000    -0.2811     3.8612     3.8612     0.0000
  6   0     0.4982     1.0000     0.5018     0.7097     0.7097     0.0000
  7   0     0.7579     1.0000     0.2421     0.9050     0.9050     0.0000
  8   0     0.8237     1.0000     0.1763     0.9277     0.9277     0.0000
  9   0     0.8114     1.0000     0.1886     0.9200     0.9200     0.0000
 10   0     0.8150     1.0000     0.1850     0.9202     0.9202     0.0000
 11   0     6.5001     6.0000    -0.5001     3.6706     3.6706     0.0000
 12   0     6.5204     6.0000    -0.5204     3.7005     3.7005     0.0000
 13   0     0.8067     1.0000     0.1933     0.9152     0.9152    -0.0000
 14   0     0.7197     1.0000     0.2803     0.8937     0.8937     0.0000
 15   0     5.8381     6.0000     0.1619     3.7095     3.7095     0.0000
 16   0     0.7441     1.0000     0.2559     0.8936     0.8936     0.0000
 17   0     0.7994     1.0000     0.2006     0.9126     0.9126     0.0000
 18   0     6.1452     6.0000    -0.1452     3.8179     3.8179     0.0000
 19   0     6.2610     6.0000    -0.2610     3.8288     3.8288     0.0000
 20   0     6.2182     6.0000    -0.2182     3.8349     3.8349     0.0000
 21   0     6.2904     6.0000    -0.2904     3.8459     3.8459     0.0000
 22   0     6.2341     6.0000    -0.2341     3.8238     3.8238     0.0000
 23   0     0.7644     1.0000     0.2356     0.9068     0.9068     0.0000
 24   0     0.8045     1.0000     0.1955     0.9194     0.9194     0.0000
 25   0     0.8261     1.0000     0.1739     0.9290     0.9290     0.0000
 26   0     0.8198     1.0000     0.1802     0.9225     0.9225     0.0000
 27   0    17.8853    18.0000     0.1147     2.7022     2.7022     0.0000
 28   0    35.4900    35.0000    -0.4900     0.8582     0.8582     0.0000
 29   0    15.0840    15.0000    -0.0840     3.7170     3.7170     0.0000
 30   0     0.8810     1.0000     0.1190     0.9582     0.9582     0.0000
 31   0     5.3314     6.0000     0.6686     4.3464     4.3464     0.0000
 32   0     8.5283     8.0000    -0.5283     2.0923     2.0923     0.0000
 33   0     8.5863     8.0000    -0.5863     1.9850     1.9850     0.0000
 34   0     8.6337     8.0000    -0.6337     1.9261     1.9261     0.0000
 35   0     0.9106     1.0000     0.0894     0.9588     0.9588     0.0000
 36   0     0.8769     1.0000     0.1231     0.9575     0.9575     0.0000
 37   0     0.5832     1.0000     0.4168     0.8171     0.8171     0.0000
      Bond orders larger than 0.1000000
           Atom A     A.N. of A          Atom B    A.N. of B              Bond order
                0             6               1            6                1.287067
                0             6               2            6                1.295432
                0             6               6            1                0.355398
                0             6              27           46                0.343758
                1             6               5            6                1.424903
                1             6              11            6                0.968912
                2             6               3            6                1.444178
                2             6               7            1                0.904440
                3             6               4            6                1.415602
                3             6               9            1                0.925948
                4             6               5            6                1.428815
                4             6              10            1                0.927816
                5             6               8            1                0.923695
                6             1              33            8                0.331684
               11             6              12            6                0.935295
               11             6              13            1                0.930430
               11             6              14            1                0.880771
               12             6              15            6                0.963640
               12             6              16            1                0.895058
               12             6              17            1                0.928975
               15             6              18            6                1.363535
               15             6              21            6                1.406188
               18             6              19            6                1.401137
               18             6              27           46                0.773182
               18             6              28           35                0.114855
               19             6              20            6                1.423955
               19             6              23            1                0.906651
               20             6              22            6                1.422871
               20             6              24            1                0.923949
               21             6              22            6                1.424765
               21             6              25            1                0.926663
               22             6              26            1                0.929402
               27            46              28           35                0.600592
               27            46              29           15                0.701930
               29            15              30            1                0.933629
               29            15              35            1                0.909533
               29            15              36            1                0.932748
               31             6              32            8                1.911123
               31             6              33            8                1.402798
               31             6              34            8                1.022265
               34             8              37            1                0.779202
# -----------------------------------------------------------
$ VdW_Correction
   description: The Van der Waals Correction
   geom. index: 1
   prop. index: 1
        Van der Waals Correction:       -0.0343122325
# -----------------------------------------------------------
$ SCF_Electric_Properties
   description: The SCF Calculated Electric Properties
   geom. index: 1
   prop. index: 1
       Filename                          : reaction-3-ieip_optts_Compound_2.scfp 
       Do Dipole Moment Calculation      : true 
       Do Quadrupole Moment Calculation  : false 
       Do Polarizability Calculation     : false 
** Dipole moment part of electric properties **
        Magnitude of dipole moment (Debye) :        7.5430519102
        Electronic Contribution:
                  0    
      0     -12.803857
      1     -90.110822
      2      25.833366
        Nuclear Contribution:
                  0    
      0      14.098355
      1      89.861528
      2     -23.174643
        Total Dipole moment:
                  0    
      0       1.294499
      1      -0.249294
      2       2.658722
# -------------------------------------------------------------
----------------------- !GEOMETRIES! ------------------------
# -------------------------------------------------------------
------------------------ !GEOMETRY! -------------------------
    Number of atoms:    38 
    Geometry Index:     1 
    Coordinates:
               0 C     -1.709768596887   -0.093343445069   -0.166587127195
               1 C     -1.713526375263    0.842260365859    0.893209122477
               2 C     -2.922724430632   -0.745560088431   -0.449286407099
               3 C     -4.081854519590   -0.527036469282    0.272570012237
               4 C     -4.049989321305    0.364241642193    1.332801689239
               5 C     -2.879105945794    1.041090279627    1.633299539224
               6 H     -1.035630388053    0.067279915562   -1.318760203932
               7 H     -2.947062847525   -1.444939782254   -1.276119290738
               8 H     -2.874556430507    1.751249372673    2.453679578555
               9 H     -4.992586397574   -1.057677844449    0.025841054788
              10 H     -4.939468939679    0.539458964471    1.926742577543
              11 C     -0.530206922238    1.713632406215    1.231604030113
              12 C      0.732798520849    1.008008133916    1.764745375570
              13 H     -0.854025538986    2.439899564753    1.982894061845
              14 H     -0.252158848599    2.285010891067    0.344018147649
              15 C      1.631455486024    0.560097568160    0.648511268362
              16 H      0.446632092393    0.176668649129    2.415562046140
              17 H      1.278074928847    1.717055920832    2.395239624161
              18 C      1.301939259352   -0.536042945525   -0.149756730707
              19 C      2.088115708635   -0.819639676912   -1.263831784628
              20 C      3.185880862836   -0.034435135458   -1.589180103355
              21 C      2.749965616275    1.326698818174    0.327928569422
              22 C      3.531480510614    1.035546996895   -0.779495955882
              23 H      1.825302547238   -1.640308708278   -1.920959608592
              24 H      3.758923554819   -0.258685487828   -2.479785904560
              25 H      3.003103898574    2.178611659046    0.951525242083
              26 H      4.395174152177    1.646181861679   -1.013690544523
              27 Pd    -0.233263209515   -1.699819389819    0.311761061117
              28 Br    -1.880144708076   -3.552001936562    1.050591478755
              29 P      1.217558786196   -3.271194942169    0.988413955336
              30 H      1.134247676795   -3.721720375306    2.314382555066
              31 C      0.180690147222    0.910890485860   -2.970678142272
              32 O      0.834383720480    0.838837080016   -3.995286505002
              33 O     -0.699688140602    0.098126860795   -2.550668190968
              34 O      0.365518759104    1.986258776323   -2.139506982401
              35 H      2.611322919142   -3.057033151566    0.932769963782
              36 H      1.182125791372   -4.514723511826    0.339250099831
              37 H      1.141656621881    2.445626677491   -2.472457571440
